﻿Date from:;="01.01.2024"
Date to:;="31.12.2024"
Entry type:;="All"
Account:;="CH0709000000154881375"
Currency:;="CHF"

Date;Notification text;Credit in CHF;Debit in CHF;Value;Balance in CHF

31.12.2024;"Preis für die Kontoführung";;-5;31.12.2024;12193.49
31.12.2024;"Gutschrift von Lange, Corinna";20;;31.12.2024;
30.12.2024;"Gutschrift von PostFinance, Kreditkarten";0.48;;30.12.2024;12178.49
18.12.2024;"Gutschrift von Fihlon Marcus";20;;18.12.2024;12178.01
06.12.2024;"Gutschrift von Andrew Magerman";440.1;;06.12.2024;12158.01
06.12.2024;"Lastschrift an Andrew Magerman";;-791.8;06.12.2024;
03.12.2024;"Gutschrift von Matthias Osswald";20;;03.12.2024;12509.71
30.11.2024;"Preis für die Kontoführung";;-5;30.11.2024;12489.71
26.11.2024;"Gutschrift von GABOR LASZLO LENARD";20;;26.11.2024;12494.71
19.11.2024;"Lastschrift an Andrew Magerman";;-51.3;19.11.2024;12474.71
19.11.2024;"Lastschrift an Cocinarte, inh. Bizioli";;-569.8;19.11.2024;
19.11.2024;"Gutschrift von Wolfram Willuhn";20;;19.11.2024;
18.11.2024;"Gutschrift von Egli Fabian";20;;18.11.2024;13075.81
13.11.2024;"Lastschrift an Pablo Verges";;-16;13.11.2024;13055.81
12.11.2024;"Lastschrift an Evelyne Gander";;-525;12.11.2024;13071.81
12.11.2024;"Lastschrift an Evelyne Gander";;-30;12.11.2024;
11.11.2024;"Gutschrift von STRIPE PAYMENTS UK LTD";18.52;;11.11.2024;13626.81
11.11.2024;"Lastschrift an Pablo Verges";;-70.55;11.11.2024;
11.11.2024;"Lastschrift an Pablo Verges";;-125.7;11.11.2024;
08.11.2024;"Lastschrift an Pablo Verges";;-23.9;08.11.2024;13804.54
07.11.2024;"Gutschrift von STRIPE PAYMENTS UK LTD";18.52;;07.11.2024;13828.44
06.11.2024;"Gutschrift von Heim Classen M. C. und Classen";20;;06.11.2024;13809.92
06.11.2024;"Gutschrift von Manuel Müller";20;;06.11.2024;
05.11.2024;"Gutschrift von Marco Ravicini";20;;05.11.2024;13769.92
04.11.2024;"Gutschrift von Max Aladin von Steiger";20;;04.11.2024;13749.92
01.11.2024;"Gutschrift von STRIPE PAYMENTS UK LTD";18.45;;01.11.2024;13729.92
01.11.2024;"Gutschrift von Crosby, Jonathan Peter";20;;01.11.2024;
31.10.2024;"Preis für die Kontoführung";;-5;31.10.2024;13691.47
23.10.2024;"Gutschrift von STRIPE PAYMENTS UK LTD";18.52;;23.10.2024;13696.47
22.10.2024;"Gutschrift von STRIPE PAYMENTS UK LTD";18.52;;22.10.2024;13677.95
18.10.2024;"Gutschrift von Vasily Tolkachev";20;;18.10.2024;13659.43
18.10.2024;"Gutschrift von Christoph Dunkake";20;;18.10.2024;
17.10.2024;"Gutschrift von STRIPE PAYMENTS UK LTD";36.97;;17.10.2024;13619.43
16.10.2024;"Gutschrift von House of Test GmbH";1000;;16.10.2024;13582.46
15.10.2024;"Lastschrift Kreditkarte Debit carte  de crédit Addebito carta di credito";;-81.3;15.10.2024;12582.46
15.10.2024;"Gutschrift von finnova AG Bankware";1000;;15.10.2024;
15.10.2024;"Gutschrift von Bring! Labs AG";1000;;15.10.2024;
11.10.2024;"Gutschrift von BBV Software Services AG";1000;;11.10.2024;10663.76
09.10.2024;"Gutschrift von OLIVER NAUTSCH";20;;09.10.2024;9663.76
04.10.2024;"Gutschrift von ERGON INFORMATIK AG";1000;;04.10.2024;9643.76
02.10.2024;"Gutschrift von Tim Bittins";20;;02.10.2024;8643.76
30.09.2024;"Preis für die Kontoführung";;-5;30.09.2024;8623.76
30.09.2024;"Gutschrift von ARTEM SHEREMET";20;;30.09.2024;
30.09.2024;"Gutschrift von Nenashev Oleg";20;;30.09.2024;
30.09.2024;"Lastschrift an Peter Koch";;-20;30.09.2024;
26.09.2024;"Gutschrift von Colacioiu Marius";20;;26.09.2024;8608.76
26.09.2024;"Gutschrift von Koch Claudia und Koch Peter";20;;26.09.2024;
26.09.2024;"Gutschrift von Oliver Roland Streuli";20;;26.09.2024;
25.09.2024;"Gutschrift von STRIPE PAYMENTS UK LTD";18.52;;25.09.2024;8548.76
24.09.2024;"Gutschrift von STRIPE PAYMENTS UK LTD";18.52;;24.09.2024;8530.24
24.09.2024;"Gutschrift von Andrew Magerman";20;;24.09.2024;
24.09.2024;"Gutschrift von Fihlon Marcus";20;;24.09.2024;
24.09.2024;"Gutschrift von Crosby, Jonathan Peter";20;;24.09.2024;
24.09.2024;"Gutschrift von Indalecio Fernández, Guillermo";20;;24.09.2024;
23.09.2024;"Gutschrift von megazord.studio GmbH";1000;;23.09.2024;8431.72
23.09.2024;"Gutschrift von STRIPE PAYMENTS UK LTD";55.49;;23.09.2024;
23.09.2024;"Gutschrift von VIKTOR REINOK";20;;23.09.2024;
23.09.2024;"Gutschrift von DANIEL ROMAN KOLLER";20;;23.09.2024;
23.09.2024;"Gutschrift von KLAUDIA IZABELA MORETTI E/O";20;;23.09.2024;
23.09.2024;"Gutschrift von Scheller Patrick";20;;23.09.2024;
23.09.2024;"Gutschrift von Heim Classen M. C. und Classen";20;;23.09.2024;
23.09.2024;"Gutschrift von Peter Andreas David";20;;23.09.2024;
23.09.2024;"Gutschrift von Marroccoli Girolamo";20;;23.09.2024;
23.09.2024;"Lastschrift an Andrew Magerman";;-110.25;23.09.2024;
23.09.2024;"Lastschrift an Andrew Magerman";;-136.5;23.09.2024;
23.09.2024;"Lastschrift an Andrew Magerman";;-64.5;23.09.2024;
23.09.2024;"Lastschrift an Pablo Verges";;-11;23.09.2024;
23.09.2024;"Gutschrift von Raphael Meyer";20;;23.09.2024;
20.09.2024;"Gutschrift von STRIPE PAYMENTS UK LTD";18.45;;20.09.2024;7538.48
19.09.2024;"Gutschrift von STRIPE PAYMENTS UK LTD";18.45;;19.09.2024;7520.03
17.09.2024;"Lastschrift an Paolo Vagnozzi";;-2945.75;17.09.2024;7501.58
16.09.2024;"Lastschrift an Pablo Verges";;-136.1;16.09.2024;10447.33
13.09.2024;"Gutschrift von STRIPE PAYMENTS UK LTD";37.34;;13.09.2024;10583.43
11.09.2024;"Gutschrift von STRIPE PAYMENTS UK LTD";18.45;;11.09.2024;10546.09
09.09.2024;"Gutschrift von STRIPE PAYMENTS UK LTD";18.52;;09.09.2024;10527.64
09.09.2024;"Gutschrift von STRIPE PAYMENTS UK LTD";37.34;;09.09.2024;
09.09.2024;"Lastschrift an Pablo Verges";;-32;09.09.2024;
09.09.2024;"Lastschrift an Pablo Verges";;-7.8;09.09.2024;
06.09.2024;"Lastschrift an Pablo Verges";;-63.9;06.09.2024;10511.58
06.09.2024;"Lastschrift an Pablo Verges";;-48.65;06.09.2024;
06.09.2024;"Lastschrift an Andrew Magerman";;-80;06.09.2024;
02.09.2024;"Gutschrift von Gfeller, Sebastian";40;;02.09.2024;10704.13
31.08.2024;"Preis für die Kontoführung";;-5;31.08.2024;10664.13
30.08.2024;"Gutschrift von STRIPE PAYMENTS UK LTD";37.04;;30.08.2024;10669.13
30.08.2024;"Gutschrift von Koch Claudia und Koch Peter";20;;30.08.2024;
29.08.2024;"Gutschrift von STRIPE PAYMENTS UK LTD";74.01;;29.08.2024;10612.09
29.08.2024;"Lastschrift an Pablo Verges";;-30;29.08.2024;
27.08.2024;"Gutschrift von STRIPE PAYMENTS UK LTD";37.04;;27.08.2024;10568.08
26.08.2024;"Gutschrift von STRIPE PAYMENTS UK LTD";18.52;;26.08.2024;10531.04
26.08.2024;"Gutschrift von 42talents GmbH";20;;26.08.2024;
23.08.2024;"Lastschrift an Pablo Verges";;-80;23.08.2024;10492.52
22.08.2024;"Gutschrift von STRIPE PAYMENTS UK LTD";18.52;;22.08.2024;10572.52
20.08.2024;"Gutschrift von STRIPE PAYMENTS UK LTD";74.01;;20.08.2024;10554
19.08.2024;"Gutschrift von STRIPE PAYMENTS UK LTD";18.52;;19.08.2024;10479.99
16.08.2024;"Gutschrift von STRIPE PAYMENTS UK LTD";18.52;;16.08.2024;10461.47
15.08.2024;"Gutschrift von STRIPE PAYMENTS UK LTD";37.04;;15.08.2024;10442.95
14.08.2024;"Gutschrift von STRIPE PAYMENTS UK LTD";55.56;;14.08.2024;10405.91
12.08.2024;"Gutschrift von STRIPE PAYMENTS UK LTD";18.52;;12.08.2024;10350.35
09.08.2024;"Gutschrift von STRIPE PAYMENTS UK LTD";18.52;;09.08.2024;10331.83
07.08.2024;"Gutschrift von STRIPE PAYMENTS UK LTD";36.97;;07.08.2024;10313.31
06.08.2024;"Gutschrift von STRIPE PAYMENTS UK LTD";36.97;;06.08.2024;10276.34
05.08.2024;"Gutschrift von STRIPE PAYMENTS UK LTD";37.04;;05.08.2024;10239.37
02.08.2024;"Gutschrift von STRIPE PAYMENTS UK LTD";18.52;;02.08.2024;10202.33
02.08.2024;"Gutschrift von STRIPE PAYMENTS UK LTD";18.52;;02.08.2024;
31.07.2024;"Preis für die Kontoführung";;-5;31.07.2024;10165.29
30.07.2024;"Gutschrift von STRIPE PAYMENTS UK LTD";18.52;;30.07.2024;10170.29
29.07.2024;"Gutschrift von STRIPE PAYMENTS UK LTD";18.52;;29.07.2024;10151.77
29.07.2024;"Gutschrift von STRIPE PAYMENTS UK LTD";18.52;;29.07.2024;
29.07.2024;"Gutschrift von STRIPE PAYMENTS UK LTD";37.04;;29.07.2024;
26.07.2024;"Gutschrift von STRIPE PAYMENTS UK LTD";111.12;;26.07.2024;10077.69
25.07.2024;"Gutschrift von STRIPE PAYMENTS UK LTD";55.86;;25.07.2024;9966.57
24.07.2024;"Gutschrift von STRIPE PAYMENTS UK LTD";148.45;;24.07.2024;9910.71
23.07.2024;"Gutschrift von STRIPE PAYMENTS UK LTD";222.17;;23.07.2024;9762.26
22.07.2024;"Gutschrift von STRIPE PAYMENTS UK LTD";148.16;;22.07.2024;9540.09
22.07.2024;"Lastschrift an Oliver Nautsch";;-57.64;22.07.2024;
17.07.2024;"Gutschrift von Post CH AG";40;;17.07.2024;9449.57
15.07.2024;"Lastschrift an reeweb ag";;-124.8;15.07.2024;9409.57
15.07.2024;"Lastschrift an Post CH AG, Logistik-Services, KURE";;-40;15.07.2024;
05.07.2024;"Lastschrift an Andrew Magerman";;-70;05.07.2024;9574.37
02.07.2024;"Lastschrift an Pablo Verges";;-57.7;02.07.2024;9644.37
30.06.2024;"Preis für die Kontoführung";;-5;30.06.2024;9702.07
27.06.2024;"Lastschrift an Pablo Verges";;-43.5;27.06.2024;9707.07
07.06.2024;"Gutschrift von Geza Mihala und Erika Molnar";20;;07.06.2024;9750.57
31.05.2024;"Preis für die Kontoführung";;-5;31.05.2024;9730.57
30.04.2024;"Preis für die Kontoführung";;-5;30.04.2024;9735.57
31.03.2024;"Preis für die Kontoführung";;-5;31.03.2024;9740.57
25.03.2024;"Lastschrift an Post CH AG";;-40;25.03.2024;9745.57
18.03.2024;"Gutschrift von Tobias Benjamin Thuering";20;;18.03.2024;9785.57
29.02.2024;"Preis für die Kontoführung";;-5;29.02.2024;9765.57
31.01.2024;"Preis für die Kontoführung";;-5;31.01.2024;9770.57
18.01.2024;"Gutschrift von Gfader Peter";20;;18.01.2024;9775.57
12.01.2024;"Gutschrift von BBV Software Services AG";1000;;12.01.2024;9755.57

Disclaimer:
The document content was generated by customer filter settings. PostFinance is not responsible for the content or its completeness.